4066644
4066647
4066648
4066650
4066652
4066654
4066656
4066658
4066660
4066662
4066664
4066666
4066668
4066669
4066671
4066673
4066675
4066677
4066679
4066681
4066684
4066685
4066687
4066689
4066691
4066693
4066695
4066697
4066699
4066701
4066703
4066705
4066706
4066708
4066710
4066712
4066714
4066716
4066717
4066719
4066721
4066723
4066725
4066727
4066729
4066731
4066733
4066735
4066737
4066739
4066741
4066743
4066746
4066748
4066750
4066752
4066755
4066757
4066759
1048576
4066761
4066763
4066765
4066767
4066769
4066771
4066772
4066775
4066777
4066779
4066780
4066782
4066784
4066786
1048576
4066789
4066791
4066792
4066794
4066796
4066797
4066798
4066800
