4066802
4066804
4066806
4066808
4066809
4066811
4066812
4066814
4066815
4066816
4066817
4066818
4066819
4066820
4066821
4066822
4066823
4066824
4066825
4066826
4066827
4066828
4066829
4066830
4066831
4066832
4066833
4066834
4066835
4066837
4066838
4066839
4066840
4066841
4066842
4066843
4066844
4066845
4066846
4066847
4066848
4066849
4066850
4066851
4066852
4066853
4066854
4066855
4066856
4066857
4066858
4066859
4066860
4066862
4066863
4066864
4066865
4066866
4066867
1048576
4066868
4066869
4066870
4066871
4066872
4066873
4066874
4066875
4066876
4066877
4066878
4066879
4066880
4066881
1048576
4066883
4066884
4066885
4066886
4066887
4066888
4066889
4066890
