4066891
4066892
4066893
4066894
4066895
4066896
4066898
4066900
4066902
4066904
4066906
4066907
4066909
4066911
4066913
4066915
4066916
4066919
4066921
4066923
4066925
4066926
4066928
4066930
4066932
4066933
4066935
4066937
4066940
4066943
4066946
4066949
4066952
4066955
4066957
4066959
4066961
4066963
4066965
4066967
4066968
4066971
4066973
4066974
4066976
4066978
4066980
4066982
4066984
4066986
4066988
4066990
4066991
4066993
4066995
4066997
4066999
4067000
4067002
1048576
4067005
4067006
4067008
4067010
4067012
4067014
4067016
4067018
4067019
4067021
4067023
4067026
4067028
4067030
1048576
4067034
4067036
4067038
4067040
4067041
4067043
4067045
4067047
