17
7033
7193
18
7195
7355
19
7405
7565
20
8297
8457
21
8461
8621
22
8623
8783
23
8785
8945
24
8947
9107
25
9109
9269
26
9271
9431
27
9433
9593
28
9595
9755
29
9757
9917
30
9919
10079
31
10081
10241
32
10243
10403
33
10405
10565
34
10567
10727
35
10729
10889
36
10891
11051
37
11053
11213
38
11215
11375
39
11377
11537
40
11539
11699
41
11701
11861
42
11863
12033
45
12015
12185
46
12187
12347
47
12349
12509
48
12511
12671
49
12673
12833
50
12835
12995
00
4014076
4014179
1
4014810
4014900
1
4014901
4014983
1000
4014984
4015079
1001
4016469
4016549
1001
4016550
4016630
1001
4016631
4016711
1002
4017213
4017293
1002
4017294
4017374
1002
4017375
4017458
1003
4018480
4018560
1003
4018561
4018646
1003
4018647
4018729
1004
4038516
4038684
1004
4038688
4038813
1004
4038815
4038925
1005
-1
-1
1006
-1
-1
1006
-1
-1
1006
-1
-1
1007
-1
-1
1007
-1
-1
1007
-1
-1
1008
-1
-1
1008
-1
-1
1008
-1
-1
1009
4051166
4051250
1009
4051251
4051331
1009
4051332
4051412
1010
4051383
4051383
1011
4051383
4051383
1011
4051383
4051383
1011
4051383
4051383
1012
4053699
4053782
1012
4053783
4053863
1012
4053864
4053944
1013
4055689
4055769
1013
4055770
4055852
1013
4055854
4055937
1014
4056517
4056599
1014
4056600
4056681
1014
4056682
4056763
1015
4056792
4056874
1015
4056875
4056959
1015
4056960
4057041
1016
4060702
4060785
1016
4060786
4060936
1016
4060939
4061109
1017
4066644
4066800
1017
4066802
4066890
1017
4066891
4067047
1018
4071281
4071367
1018
4071368
4071448
1018
4071449
4071530
1019
4075793
4075873
1019
4075874
4075954
1019
4075955
4076046
1020
4081064
4081177
1020
4081178
4081290
1020
4081292
4081400
1021
4082779
4082861
1021
4082862
4082943
1021
4082944
4083025
1022
4084248
4084333
1022
4084334
4084418
1022
4084419
4084532
1023
4088406
4088496
1023
4088497
4088580
1023
4088581
4088667
1024
4093413
4093533
1024
4093535
4093657
1024
4093658
4093788
1025
4097462
4097549
1025
4097550
4097630
1025
4097631
4097712
1026
4097786
4097888
1026
4097889
4097993
1026
4097994
4098128
1027
4102543
4102643
1027
4102644
4102779
1027
4102781
4102910
1028
4103205
4103356
1028
4103358
4103525
1028
4103528
4103687
1029
4105227
4105308
1029
4105309
4105391
1029
4105392
4105474
1030
4106711
4106894
1030
4106896
4107109
1030
4107114
4107341
1031
4118358
4118444
1031
4118445
4118532
1031
4118533
4118642
1032
4118685
4118949
1032
4118953
4119087
1032
4119088
4119220
1033
4123180
4123277
1033
4123279
4123372
1033
4123373
4123461
1034
4126678
4126997
1034
4127002
4127297
1034
4127305
4127628
