4126678
4126682
4126686
4126689
4126693
4126698
4126702
4126707
4126711
4126715
4126720
4126725
4126729
4126733
4126738
4126744
4126748
4126751
4126755
4126760
4126764
4126768
4126772
4126777
4126781
4126786
4126790
4126793
4126796
4126799
4126803
4126807
4126810
4126813
4126816
4126822
4126825
4126828
4126831
4126838
4126843
4126850
4126856
4126861
4126864
4126867
4126872
4126875
4126878
4126882
4126885
4126888
4126892
4126896
4126900
4126906
4126911
4126915
4126919
1048576
4126924
4126928
4126932
4126935
4126938
4126941
4126945
4126949
4126952
4126955
4126958
4126961
4126965
4126968
1048576
4126973
4126975
4126979
4126983
4126987
4126990
4126994
4126997
