4127002
4127006
4127010
4127013
4127017
4127020
4127024
4127027
4127031
4127037
4127040
4127044
4127047
4127052
4127055
4127059
4127062
4127066
4127070
4127073
4127077
4127080
4127084
4127087
4127091
4127095
4127098
4127104
4127107
4127111
4127115
4127118
4127122
4127125
4127130
4127133
4127137
4127141
4127146
4127150
4127154
4127157
4127161
4127166
4127170
4127177
4127180
4127183
4127187
4127190
4127193
4127195
4127198
4127199
4127200
4127201
4127203
4127207
4127210
1048576
4127215
4127219
4127222
4127225
4127229
4127233
4127236
4127239
4127243
4127246
4127251
4127254
4127258
4127263
1048576
4127272
4127275
4127277
4127281
4127285
4127289
4127293
4127297
