4127305
4127309
4127314
4127318
4127322
4127325
4127329
4127333
4127336
4127339
4127342
4127346
4127350
4127354
4127357
4127361
4127364
4127369
4127372
4127376
4127380
4127384
4127388
4127392
4127395
4127400
4127404
4127408
4127412
4127416
4127420
4127424
4127428
4127432
4127436
4127441
4127445
4127451
4127454
4127460
4127463
4127469
4127473
4127479
4127482
4127487
4127491
4127495
4127499
4127502
4127505
4127509
4127513
4127517
4127520
4127524
4127527
4127530
4127533
1048576
4127537
4127541
4127544
4127548
4127553
4127557
4127560
4127565
4127569
4127573
4127577
4127582
4127585
4127589
1048576
4127596
4127602
4127607
4127612
4127615
4127621
4127624
4127628
